6.591126918792724609e-01 4.717465639114379883e-01 -1.684816181659698486e-01 1.435523778200149536e-01 3.969634473323822021e-01 -1.089028716087341309e-01 5.910099670290946960e-02 -9.553423523902893066e-02 1.341191828250885010e-01 -2.219224162399768829e-02 8.533428609371185303e-02 5.990311130881309509e-02 -1.073666214942932129e-01 -6.524069607257843018e-02 7.056593149900436401e-02 -1.069559603929519653e-01 2.609856799244880676e-02 -9.266705065965652466e-02 8.266007900238037109e-02 1.231709793210029602e-01 1.070107594132423401e-01 1.223376989364624023e-01 -9.765977412462234497e-02 -1.081414595246315002e-01 -4.342888593673706055e-01 -9.233091771602630615e-02 -1.049812287092208862e-01 4.038304090499877930e-01 1.134182363748550415e-01 -1.240301877260208130e-01 -6.738330423831939697e-02 8.099397271871566772e-02 -1.221140995621681213e-01 -9.511840343475341797e-02 -1.113049015402793884e-01 -1.077039837837219238e-01 -1.241460666060447693e-01 1.775839477777481079e-01 -5.284476876258850098e-01 9.983874112367630005e-02 9.642367810010910034e-02 4.593544080853462219e-02 -4.362513124942779541e-01 8.746387809514999390e-02 1.059336587786674500e-01 1.243033707141876221e-01 9.054176509380340576e-02 8.402962982654571533e-02 1.077827215194702148e-01 1.279922723770141602e-01 8.860290795564651489e-02 -2.052314728498458862e-01 1.203872114419937134e-01 2.513972856104373932e-02 -4.727717936038970947e-01 3.902918100357055664e-02 4.108015820384025574e-02 1.134352087974548340e-01 1.573479175567626953e-01 -5.035949945449829102e-01 5.307564511895179749e-03 9.517950564622879028e-02 -5.707502961158752441e-01 1.693401783704757690e-01 -5.187724232673645020e-01 -6.194160506129264832e-02 -1.886510057374835014e-03 -9.972731024026870728e-02 2.905405312776565552e-02 2.683175913989543915e-02 3.124547936022281647e-02
4.717465639114379883e-01 7.531569004058837891e-01 -2.270492315292358398e-01 1.752709448337554932e-01 4.259741008281707764e-01 -1.141282469034194946e-01 9.069459885358810425e-02 -1.401474922895431519e-01 1.853360980749130249e-01 -3.389902785420417786e-02 7.563285529613494873e-02 4.752311483025550842e-02 -1.065745577216148376e-01 -6.029808148741722107e-02 8.167712390422821045e-02 -1.003449112176895142e-01 4.393005743622779846e-02 -9.242267906665802002e-02 1.336917430162429810e-01 1.643260866403579712e-01 1.896265596151351929e-01 1.394904255867004395e-01 -9.669322520494461060e-02 -1.122984588146209717e-01 -4.857259094715118408e-01 -6.576228886842727661e-02 -1.149433627724647522e-01 4.293726980686187744e-01 9.897948056459426880e-02 -1.546961814165115356e-01 -8.968233317136764526e-02 5.938523635268211365e-02 -1.010294556617736816e-01 -1.121080294251441956e-01 -1.106791794300079346e-01 -1.213708370923995972e-01 -1.222350299358367920e-01 2.034308165311813354e-01 -5.804840326309204102e-01 1.387144923210144043e-01 1.018615141510963440e-01 6.144466996192932129e-02 -4.470125734806060791e-01 6.748419255018234253e-02 1.490333974361419678e-01 1.181590408086776733e-01 1.223503202199935913e-01 1.341655105352401733e-01 1.118803918361663818e-01 1.830304712057113647e-01 1.307279169559478760e-01 -2.699908316135406494e-01 1.298923939466476440e-01 3.931046277284622192e-02 -5.506509542465209961e-01 5.467237904667854309e-02 1.694048345088958740e-01 1.177414655685424805e-01 1.350331157445907593e-01 -5.430943965911865234e-01 5.015952885150909424e-02 8.219383656978607178e-02 -6.085931658744812012e-01 2.431498020887374878e-01 -5.285986661911010742e-01 -1.249527651816606522e-02 -6.425769627094268799e-02 -1.417557746171951294e-01 -3.474736586213111877e-03 8.427969180047512054e-03 2.950861863791942596e-02
-1.684816181659698486e-01 -2.270492315292358398e-01 1.575526237487792969e+00 -3.373227715492248535e-01 -3.159573674201965332e-01 1.754341423511505127e-01 -2.453805208206176758e-01 9.231973290443420410e-01 -2.554087340831756592e-01 3.493898510932922363e-01 -1.014087051153182983e-01 -1.279575079679489136e-01 8.405996561050415039e-01 -3.356028348207473755e-02 -2.911486029624938965e-01 9.064473509788513184e-01 -2.202739864587783813e-01 -5.006968509405851364e-03 -2.000745534896850586e-01 -3.628634214401245117e-01 -3.607077598571777344e-01 -3.360812366008758545e-01 8.231640458106994629e-01 8.979259729385375977e-01 -3.925562798976898193e-01 7.332423925399780273e-01 9.643759131431579590e-01 -2.862758934497833252e-01 -3.762457370758056641e-01 9.219066500663757324e-01 1.352718174457550049e-01 -2.318137884140014648e-01 8.201471567153930664e-01 8.811943531036376953e-01 9.240905046463012695e-01 9.224193692207336426e-01 9.910200238227844238e-01 -3.248687088489532471e-01 -2.024386823177337646e-01 -3.492718338966369629e-01 -4.099022150039672852e-01 -3.413437306880950928e-01 -2.041429877281188965e-01 -3.715289235115051270e-01 -3.706094324588775635e-01 -3.106792271137237549e-01 -3.803377747535705566e-01 -3.904024362564086914e-01 -3.134370744228363037e-01 -3.660820126533508301e-01 -3.865055739879608154e-01 9.344152361154556274e-02 -3.141967356204986572e-01 -2.566884458065032959e-01 -2.524074316024780273e-01 -3.576349020004272461e-01 -3.852335214614868164e-01 -3.189670741558074951e-01 -3.177020847797393799e-01 -2.996470034122467041e-01 1.274094581604003906e-01 -2.198532372713088989e-01 -1.379354745149612427e-01 -2.967443466186523438e-01 -2.844771742820739746e-01 -1.599954515695571899e-01 -2.889386750757694244e-02 9.204377532005310059e-01 3.702810108661651611e-01 -1.708826273679733276e-01 -2.198576927185058594e-01
1.435523778200149536e-01 1.752709448337554932e-01 -3.373227715492248535e-01 8.779977560043334961e-01 2.675670981407165527e-01 -2.684377431869506836e-01 -9.427130222320556641e-02 -2.465601116418838501e-01 4.280921816825866699e-01 -1.564857363700866699e-01 -1.350043527781963348e-02 -4.217160120606422424e-02 -2.541896998882293701e-01 -2.221094369888305664e-01 -7.314562797546386719e-02 -2.633299231529235840e-01 -9.476897865533828735e-02 -1.837037652730941772e-01 -6.504601985216140747e-02 2.801613807678222656e-01 5.014342665672302246e-01 4.704458713531494141e-01 -2.272584736347198486e-01 -2.269982844591140747e-01 -5.556662678718566895e-01 -2.072424292564392090e-01 -2.455568611621856689e-01 3.533919453620910645e-01 2.640804350376129150e-01 -2.603463828563690186e-01 -2.562974691390991211e-01 -1.093207523226737976e-01 -2.313860356807708740e-01 -2.485311031341552734e-01 -2.578358352184295654e-01 -2.464924156665802002e-01 -2.491492480039596558e-01 3.746559321880340576e-01 -6.543880105018615723e-01 6.668201684951782227e-01 3.156557083129882812e-01 1.762018948793411255e-01 -5.503814220428466797e-01 2.754002511501312256e-01 2.785861492156982422e-01 7.179606556892395020e-01 2.910273075103759766e-01 3.049215376377105713e-01 5.101490616798400879e-01 2.646186649799346924e-01 3.261403143405914307e-01 -3.421491682529449463e-01 6.725482940673828125e-01 -1.089048832654953003e-01 -6.707030534744262695e-01 2.480424493551254272e-01 1.951676756143569946e-01 1.528134495019912720e-01 7.519546151161193848e-01 -6.105775237083435059e-01 1.840579211711883545e-01 2.551004290580749512e-01 -6.926746964454650879e-01 3.983268737792968750e-01 -6.519872546195983887e-01 -1.746331453323364258e-01 -1.933856457471847534e-01 -2.362125217914581299e-01 -1.331674158573150635e-01 -9.280362725257873535e-02 -1.030028685927391052e-01
3.969634473323822021e-01 4.259741008281707764e-01 -3.159573674201965332e-01 2.675670981407165527e-01 8.493613600730895996e-01 -1.702145338058471680e-01 -1.336618419736623764e-02 -2.417834699153900146e-01 2.509080469608306885e-01 -1.428434550762176514e-01 -3.820897266268730164e-02 -5.792994797229766846e-02 -1.881091296672821045e-01 -1.361148655414581299e-01 2.895906567573547363e-02 -2.485887259244918823e-01 -3.433706983923912048e-02 -1.291813850402832031e-01 4.693734273314476013e-02 2.038039118051528931e-01 2.690082192420959473e-01 2.973526120185852051e-01 -2.431850284337997437e-01 -1.822881400585174561e-01 -4.833935499191284180e-01 -2.338762432336807251e-01 -2.533310055732727051e-01 5.113162994384765625e-01 2.314171195030212402e-01 -2.324984520673751831e-01 -1.626437902450561523e-01 5.853063985705375671e-02 -1.299385428428649902e-01 -1.223383545875549316e-01 -2.232542186975479126e-01 -2.556817233562469482e-01 -2.597503066062927246e-01 3.428117632865905762e-01 -4.933958351612091064e-01 2.458970546722412109e-01 2.208937406539916992e-01 1.589557528495788574e-01 -4.673764407634735107e-01 2.006931006908416748e-01 2.427831888198852539e-01 2.350268810987472534e-01 2.142509818077087402e-01 2.116398215293884277e-01 1.928481012582778931e-01 2.884341478347778320e-01 2.520180344581604004e-01 -2.758066654205322266e-01 2.449835985898971558e-01 -2.313816454261541367e-03 -4.924153387546539307e-01 1.245171800255775452e-01 2.387535125017166138e-01 2.218095958232879639e-01 2.899446487426757812e-01 -5.586327314376831055e-01 1.729443371295928955e-01 2.278512716293334961e-01 -5.926971435546875000e-01 2.700205445289611816e-01 -4.828851521015167236e-01 -1.508492827415466309e-01 -9.437690675258636475e-02 -2.540211081504821777e-01 -9.607198089361190796e-02 -2.642249502241611481e-02 3.121832758188247681e-02
-1.089028716087341309e-01 -1.141282469034194946e-01 1.754341423511505127e-01 -2.684377431869506836e-01 -1.702145338058471680e-01 2.348286390304565430e+00 -2.015437036752700806e-01 -2.448797523975372314e-01 -1.495851874351501465e-01 3.015323076397180557e-03 4.300220310688018799e-02 8.145441114902496338e-02 -2.230353206396102905e-01 1.926669239997863770e+00 -1.770509034395217896e-01 -2.431086301803588867e-01 -1.294301003217697144e-01 2.023123025894165039e+00 -1.259005963802337646e-01 -2.358738034963607788e-01 -2.470319867134094238e-01 -2.158918678760528564e-01 -2.242632955312728882e-01 -1.743996441364288330e-01 -9.803818911314010620e-02 -1.970897912979125977e-01 -2.413444817066192627e-01 -2.106623798608779907e-01 -2.583098113536834717e-01 -2.433308064937591553e-01 2.010974645614624023e+00 -1.861238181591033936e-01 -2.434789985418319702e-01 -2.321943938732147217e-01 -2.504178583621978760e-01 -2.254633456468582153e-01 -2.310766875743865967e-01 -1.596033424139022827e-01 1.813182681798934937e-01 -2.932454645633697510e-01 -2.720066905021667480e-01 -2.003777474164962769e-01 8.798573166131973267e-02 -2.720741927623748779e-01 -2.771660089492797852e-01 -2.899146974086761475e-01 -2.449006885290145874e-01 -2.565653026103973389e-01 -2.847801744937896729e-01 -2.309439033269882202e-01 -2.926020324230194092e-01 2.713611125946044922e-01 -2.619588077068328857e-01 -1.804424822330474854e-01 3.492638468742370605e-02 -2.811604142189025879e-01 -1.989524662494659424e-01 -2.347639948129653931e-01 -3.193455338478088379e-01 -3.962115943431854248e-02 3.030160963535308838e-01 -1.640287786722183228e-01 1.930637657642364502e-01 -2.037411183118820190e-01 7.505886256694793701e-02 1.669914960861206055e+00 1.738814711570739746e+00 -2.392478585243225098e-01 -1.102353483438491821e-01 -1.141751632094383240e-01 -8.852132409811019897e-02
5.910099670290946960e-02 9.069459885358810425e-02 -2.453805208206176758e-01 -9.427130222320556641e-02 -1.336618419736623764e-02 -2.015437036752700806e-01 1.448481559753417969e+00 -1.611301451921463013e-01 -5.298841372132301331e-02 -4.603742063045501709e-02 -1.400984823703765869e-02 4.381034523248672485e-02 -2.192937135696411133e-01 -8.012378960847854614e-02 1.165877461433410645e+00 -1.750878691673278809e-01 1.142143845558166504e+00 -1.240561157464981079e-01 1.015383243560791016e+00 -1.267107725143432617e-01 -9.983463585376739502e-02 -9.261460602283477783e-02 -1.394448578357696533e-01 -2.198271155357360840e-01 -4.670615196228027344e-01 -1.312144249677658081e-01 -1.635617911815643311e-01 -7.181902881711721420e-03 -1.232416182756423950e-01 -1.843064278364181519e-01 -1.000027880072593689e-01 1.136670827865600586e+00 -2.348231077194213867e-01 -2.062532901763916016e-01 -1.894921809434890747e-01 -1.671041399240493774e-01 -1.868622303009033203e-01 -5.246216431260108948e-02 -5.890538692474365234e-01 -7.185552269220352173e-02 -8.670436590909957886e-02 -1.489804983139038086e-01 -4.874003827571868896e-01 -1.345052868127822876e-01 -1.051466763019561768e-01 -1.160586178302764893e-01 -1.332896947860717773e-01 -6.949777156114578247e-02 -9.887488186359405518e-02 -9.951409697532653809e-02 -1.008978113532066345e-01 -1.776780188083648682e-01 -8.399777859449386597e-02 1.237297534942626953e+00 -5.737207531929016113e-01 -1.382164657115936279e-01 -1.795650124549865723e-01 -9.832026064395904541e-02 -1.257707476615905762e-01 -5.169703364372253418e-01 -5.957815423607826233e-02 -4.452800378203392029e-03 -5.701828598976135254e-01 2.100274153053760529e-02 -5.741947889328002930e-01 -7.754975557327270508e-02 -1.473271697759628296e-01 -1.730147898197174072e-01 -1.313875988125801086e-02 1.105056047439575195e+00 1.117830157279968262e+00
-9.553423523902893066e-02 -1.401474922895431519e-01 9.231973290443420410e-01 -2.465601116418838501e-01 -2.417834699153900146e-01 -2.448797523975372314e-01 -1.611301451921463013e-01 1.120779752731323242e+00 -1.877713948488235474e-01 4.104754030704498291e-01 -2.157260477542877197e-02 -4.228220134973526001e-02 8.928676843643188477e-01 -2.456129938364028931e-01 -1.977007836103439331e-01 9.465807080268859863e-01 -1.922726184129714966e-01 -2.294513285160064697e-01 -1.557135134935379028e-01 -2.768604457378387451e-01 -2.549089789390563965e-01 -2.404646277427673340e-01 8.861786723136901855e-01 9.217904806137084961e-01 -6.105581521987915039e-01 7.834395170211791992e-01 9.719165563583374023e-01 -2.006737887859344482e-01 -2.744363546371459961e-01 9.946892857551574707e-01 -2.595734000205993652e-01 -1.467810422182083130e-01 8.468385338783264160e-01 9.121275544166564941e-01 9.592819809913635254e-01 9.740298390388488770e-01 1.010865211486816406e+00 -2.454567998647689819e-01 -7.353847026824951172e-01 -2.475122362375259399e-01 -3.221326768398284912e-01 -2.851542830467224121e-01 -6.000767350196838379e-01 -2.814184725284576416e-01 -2.857712507247924805e-01 -2.155757397413253784e-01 -2.866635620594024658e-01 -3.296415209770202637e-01 -2.203961312770843506e-01 -3.121576011180877686e-01 -2.905272543430328369e-01 -2.855586409568786621e-01 -2.192160040140151978e-01 -1.846474707126617432e-01 -6.946851611137390137e-01 -2.703584432601928711e-01 -2.930496931076049805e-01 -2.304320782423019409e-01 -2.341841906309127808e-01 -6.463919281959533691e-01 -1.936546862125396729e-01 -1.111724674701690674e-01 -7.219583392143249512e-01 -2.223354279994964600e-01 -7.245402932167053223e-01 -1.835221052169799805e-01 -2.244522273540496826e-01 9.683239459991455078e-01 4.671197533607482910e-01 -1.542544215917587280e-01 -1.941063255071640015e-01
1.341191828250885010e-01 1.853360980749130249e-01 -2.554087340831756592e-01 4.280921816825866699e-01 2.509080469608306885e-01 -1.495851874351501465e-01 -5.298841372132301331e-02 -1.877713948488235474e-01 7.409686446189880371e-01 -9.030871093273162842e-02 5.009568482637405396e-02 5.468471348285675049e-02 -2.081432193517684937e-01 -1.886238902807235718e-01 -4.964878037571907043e-02 -1.959813237190246582e-01 -6.603111326694488525e-02 -1.748512983322143555e-01 -1.717278547585010529e-02 3.327057659626007080e-01 3.471094071865081787e-01 3.187114894390106201e-01 -1.522895395755767822e-01 -2.440787851810455322e-01 -5.415182113647460938e-01 -1.455421894788742065e-01 -1.695373952388763428e-01 3.309831619262695312e-01 2.718885242938995361e-01 -2.079805731773376465e-01 -2.146351188421249390e-01 -7.825182378292083740e-02 -2.459145486354827881e-01 -2.275946140289306641e-01 -2.080751806497573853e-01 -1.772402524948120117e-01 -2.054409980773925781e-01 3.915169239044189453e-01 -6.560258269309997559e-01 2.660687863826751709e-01 3.474402725696563721e-01 2.429232001304626465e-01 -5.558583736419677734e-01 2.845136523246765137e-01 3.195555210113525391e-01 3.198849558830261230e-01 3.781346678733825684e-01 3.441853225231170654e-01 2.835226356983184814e-01 3.660359382629394531e-01 3.461263775825500488e-01 -2.973119020462036133e-01 2.749722003936767578e-01 -7.513889670372009277e-02 -6.088995337486267090e-01 3.048543334007263184e-01 1.853984445333480835e-01 1.932628303766250610e-01 3.129170536994934082e-01 -6.023850440979003906e-01 2.604252398014068604e-01 3.045020401477813721e-01 -6.448038220405578613e-01 4.767710864543914795e-01 -6.677997708320617676e-01 -1.223369166254997253e-01 -1.696137487888336182e-01 -1.770939975976943970e-01 -8.881110697984695435e-02 -3.482670336961746216e-02 -1.154735162854194641e-01
-2.219224162399768829e-02 -3.389902785420417786e-02 3.493898510932922363e-01 -1.564857363700866699e-01 -1.428434550762176514e-01 3.015323076397180557e-03 -4.603742063045501709e-02 4.104754030704498291e-01 -9.030871093273162842e-02 5.411522388458251953e-01 1.799191385507583618e-01 2.256474792957305908e-01 3.416723012924194336e-01 4.190991073846817017e-02 -8.227163553237915039e-02 3.936107456684112549e-01 4.777654632925987244e-02 1.258539035916328430e-02 -5.000076442956924438e-02 -1.492091268301010132e-01 -1.583367735147476196e-01 -1.474693715572357178e-01 3.812194168567657471e-01 3.923168778419494629e-01 -3.770403265953063965e-01 3.421419560909271240e-01 3.812703490257263184e-01 -1.064171716570854187e-01 -1.807603240013122559e-01 4.016568958759307861e-01 6.147010251879692078e-02 -7.520096004009246826e-02 3.615755140781402588e-01 4.006695449352264404e-01 3.608161509037017822e-01 4.250795841217041016e-01 4.478997290134429932e-01 -1.324053555727005005e-01 -3.741292953491210938e-01 -1.677782833576202393e-01 -1.498332768678665161e-01 -1.429904848337173462e-01 -4.421181678771972656e-01 -1.937332004308700562e-01 -1.697095632553100586e-01 -1.466077268123626709e-01 -1.641842722892761230e-01 -1.453776508569717407e-01 -1.504910737276077271e-01 -2.049992680549621582e-01 -1.949085444211959839e-01 -8.558646589517593384e-02 -1.789021492004394531e-01 -3.135331720113754272e-02 -3.775952458381652832e-01 -1.745842844247817993e-01 -1.793386042118072510e-01 -1.197765097022056580e-01 -1.676006466150283813e-01 -3.519690036773681641e-01 -4.930004104971885681e-02 -6.122910976409912109e-02 -4.188874065876007080e-01 -1.212492659687995911e-01 -3.709248006343841553e-01 4.271768778562545776e-02 3.719384223222732544e-02 4.082790911197662354e-01 3.046230077743530273e-01 5.260947719216346741e-02 2.364483103156089783e-02
8.533428609371185303e-02 7.563285529613494873e-02 -1.014087051153182983e-01 -1.350043527781963348e-02 -3.820897266268730164e-02 4.300220310688018799e-02 -1.400984823703765869e-02 -2.157260477542877197e-02 5.009568482637405396e-02 1.799191385507583618e-01 7.141689062118530273e-01 5.461522936820983887e-01 1.333772856742143631e-02 1.269561350345611572e-01 -1.163880806416273117e-02 -4.217853397130966187e-02 -3.646641969680786133e-02 4.059747233986854553e-02 1.999863982200622559e-02 -2.252542786300182343e-02 -3.101721219718456268e-02 -1.734383404254913330e-02 -1.374481711536645889e-02 -7.223158329725265503e-02 -2.035384774208068848e-01 4.280067235231399536e-02 -3.177508711814880371e-02 3.482234198600053787e-03 -1.044648960232734680e-01 -4.006975889205932617e-02 9.935449063777923584e-02 -2.972467616200447083e-02 -5.739790573716163635e-02 -6.384993344545364380e-02 -4.699239507317543030e-02 -7.940240204334259033e-03 -3.268372640013694763e-02 7.648050785064697266e-02 -2.652025222778320312e-01 3.907884005457162857e-03 -9.517118334770202637e-02 3.119807224720716476e-03 -2.229203432798385620e-01 -4.692406207323074341e-02 -6.107394397258758545e-02 -2.621876262128353119e-02 -4.274537786841392517e-02 -4.206313192844390869e-02 -5.552369356155395508e-02 -1.003742963075637817e-01 -1.006978526711463928e-01 1.297095715999603271e-01 -4.682789742946624756e-02 -4.113508015871047974e-02 -2.495763897895812988e-01 1.894871145486831665e-02 -3.052052855491638184e-02 -2.719826437532901764e-02 -1.272073108702898026e-02 -2.731990814208984375e-01 -1.287270486354827881e-01 5.843464285135269165e-02 -2.535833716392517090e-01 5.160589236766099930e-03 -3.059573769569396973e-01 1.290780454874038696e-01 1.328358203172683716e-01 -2.413485385477542877e-02 9.446241706609725952e-02 1.076663029380142689e-03 -3.779963776469230652e-02
5.990311130881309509e-02 4.752311483025550842e-02 -1.279575079679489136e-01 -4.217160120606422424e-02 -5.792994797229766846e-02 8.145441114902496338e-02 4.381034523248672485e-02 -4.228220134973526001e-02 5.468471348285675049e-02 2.256474792957305908e-01 5.461522936820983887e-01 7.495101094245910645e-01 -1.165584381669759750e-02 1.945249885320663452e-01 4.876786470413208008e-02 -5.947234854102134705e-02 -2.185145579278469086e-02 1.411423236131668091e-01 3.333943337202072144e-02 -3.038318641483783722e-02 -2.232358232140541077e-02 -3.470383211970329285e-02 -3.771263733506202698e-02 -9.213265776634216309e-02 -2.635501623153686523e-01 1.502532791346311569e-02 -5.262903124094009399e-02 -1.402273401618003845e-02 -1.023609861731529236e-01 -5.274438485503196716e-02 1.774398982524871826e-01 -1.627444662153720856e-02 -7.659973204135894775e-02 -8.010961115360260010e-02 -6.640353798866271973e-02 -3.762125223875045776e-02 -5.840764567255973816e-02 8.515414595603942871e-02 -2.833560109138488770e-01 3.443295136094093323e-02 -1.848945766687393188e-02 2.875974029302597046e-02 -2.472344785928726196e-01 -4.380132630467414856e-02 -8.490668237209320068e-02 -3.101032460108399391e-03 -1.321994327008724213e-02 6.575255095958709717e-02 -3.765913099050521851e-02 -9.092076122760772705e-02 -8.963284641504287720e-02 1.612890958786010742e-01 -6.025908142328262329e-02 3.440811857581138611e-02 -3.020155429840087891e-01 -2.246259944513440132e-03 -4.466443881392478943e-02 -1.850366033613681793e-02 -2.966768480837345123e-02 -3.339931964874267578e-01 -8.624869585037231445e-02 6.930648535490036011e-02 -3.162418603897094727e-01 8.210876025259494781e-03 -3.519808053970336914e-01 1.941595375537872314e-01 1.400493532419204712e-01 -4.739126563072204590e-02 8.212370425462722778e-02 2.451721951365470886e-02 4.482988733798265457e-03
-1.073666214942932129e-01 -1.065745577216148376e-01 8.405996561050415039e-01 -2.541896998882293701e-01 -1.881091296672821045e-01 -2.230353206396102905e-01 -2.192937135696411133e-01 8.928676843643188477e-01 -2.081432193517684937e-01 3.416723012924194336e-01 1.333772856742143631e-02 -1.165584381669759750e-02 1.273800611495971680e+00 -2.997573912143707275e-01 -5.829171463847160339e-02 9.834540486335754395e-01 -2.207955569028854370e-01 -2.329712361097335815e-01 -1.973100006580352783e-01 -3.123508989810943604e-01 -2.142503410577774048e-01 -2.441239953041076660e-01 8.587728738784790039e-01 1.011681318283081055e+00 -6.216783523559570312e-01 7.824950814247131348e-01 9.480483531951904297e-01 -1.878768801689147949e-01 -3.444493710994720459e-01 1.015127658843994141e+00 -3.281854987144470215e-01 -2.191564887762069702e-01 1.026669025421142578e+00 1.053350090980529785e+00 9.820841550827026367e-01 9.317213296890258789e-01 9.186965823173522949e-01 -1.206195577979087830e-01 -6.885982751846313477e-01 -2.493756860494613647e-01 -3.352743983268737793e-01 -2.186030596494674683e-01 -5.903434157371520996e-01 -2.798781692981719971e-01 -3.524495363235473633e-01 -2.462874501943588257e-01 -3.455362915992736816e-01 -3.862846493721008301e-01 -2.843486368656158447e-01 -3.768053352832794189e-01 -3.588791489601135254e-01 -2.103772461414337158e-01 -2.685363292694091797e-01 -2.374003976583480835e-01 -6.666788458824157715e-01 -2.629740536212921143e-01 -7.975576817989349365e-02 -2.944130003452301025e-01 -2.075973302125930786e-01 -6.931950449943542480e-01 -2.599671185016632080e-01 -1.115867793560028076e-01 -6.295668482780456543e-01 -2.667436897754669189e-01 -6.236113905906677246e-01 -9.855365008115768433e-02 -2.556372880935668945e-01 8.881435990333557129e-01 3.912211358547210693e-01 -2.201728522777557373e-01 -2.206956297159194946e-01
-6.524069607257843018e-02 -6.029808148741722107e-02 -3.356028348207473755e-02 -2.221094369888305664e-01 -1.361148655414581299e-01 1.926669239997863770e+00 -8.012378960847854614e-02 -2.456129938364028931e-01 -1.886238902807235718e-01 4.190991073846817017e-02 1.269561350345611572e-01 1.945249885320663452e-01 -2.997573912143707275e-01 2.217761516571044922e+00 -1.205202937126159668e-01 -2.693464756011962891e-01 -1.144557744264602661e-01 1.859279394149780273e+00 -9.849172830581665039e-02 -1.716217994689941406e-01 -2.488141059875488281e-01 -1.901423186063766479e-01 -2.374343872070312500e-01 -2.418772876262664795e-01 -2.094522714614868164e-01 -2.103709727525711060e-01 -2.542369067668914795e-01 -1.650295257568359375e-01 -2.150499075651168823e-01 -2.757918834686279297e-01 2.043934822082519531e+00 -1.190420091152191162e-01 -2.940246760845184326e-01 -2.704256772994995117e-01 -2.748467326164245605e-01 -2.463738620281219482e-01 -2.260291576385498047e-01 -1.740617603063583374e-01 -2.415311895310878754e-02 -2.008200585842132568e-01 -1.404294669628143311e-01 -2.332336753606796265e-01 -1.260529309511184692e-01 -2.424540221691131592e-01 -1.928728371858596802e-01 -2.426094412803649902e-01 -2.041637897491455078e-01 -1.333458125591278076e-01 -2.468318790197372437e-01 -2.163784056901931763e-01 -2.550190687179565430e-01 1.041864380240440369e-01 -2.173832356929779053e-01 -7.580543309450149536e-02 -9.120219945907592773e-02 -2.502913475036621094e-01 -2.570828497409820557e-01 -1.761166453361511230e-01 -2.487388849258422852e-01 -1.372260600328445435e-01 1.168158277869224548e-01 -1.882902830839157104e-01 -7.497772574424743652e-02 -1.452637761831283569e-01 -4.239213839173316956e-02 1.665826320648193359e+00 1.752054929733276367e+00 -2.280334234237670898e-01 -6.624213606119155884e-02 -6.945857405662536621e-02 -6.238397955894470215e-02
7.056593149900436401e-02 8.167712390422821045e-02 -2.911486029624938965e-01 -7.314562797546386719e-02 2.895906567573547363e-02 -1.770509034395217896e-01 1.165877461433410645e+00 -1.977007836103439331e-01 -4.964878037571907043e-02 -8.227163553237915039e-02 -1.163880806416273117e-02 4.876786470413208008e-02 -5.829171463847160339e-02 -1.205202937126159668e-01 1.563035488128662109e+00 -1.382197886705398560e-01 1.027108550071716309e+00 -1.082910969853401184e-01 9.518510103225708008e-01 -1.337745934724807739e-01 -4.669094085693359375e-02 -4.869455099105834961e-02 -1.528448015451431274e-01 -9.696038812398910522e-02 -4.914319217205047607e-01 -1.464481800794601440e-01 -1.793043762445449829e-01 -1.308836694806814194e-02 -1.649315804243087769e-01 -1.494519859552383423e-01 -1.415792256593704224e-01 1.030451536178588867e+00 -3.711022809147834778e-02 -1.452619861811399460e-02 -1.316058933734893799e-01 -1.832630187273025513e-01 -2.175167798995971680e-01 8.132335543632507324e-02 -5.187132954597473145e-01 -1.441259086132049561e-01 -7.946838438510894775e-02 -1.528768241405487061e-01 -4.541333019733428955e-01 -1.747676879167556763e-01 -1.819935292005538940e-01 -1.332482099533081055e-01 -1.648284941911697388e-01 -1.368602663278579712e-01 -1.358643919229507446e-01 -1.954652667045593262e-01 -1.832921355962753296e-01 -1.648040413856506348e-01 -1.057648435235023499e-01 1.114201068878173828e+00 -5.420781970024108887e-01 -1.586835235357284546e-01 -3.833470866084098816e-02 -1.373078376054763794e-01 -4.629721865057945251e-02 -5.697978138923645020e-01 -1.300836950540542603e-01 -6.706165615469217300e-03 -5.893912911415100098e-01 1.204219646751880646e-02 -4.922226965427398682e-01 1.430417224764823914e-02 -1.438585668802261353e-01 -2.010494321584701538e-01 -4.806147515773773193e-02 9.747549891471862793e-01 1.010194182395935059e+00
-1.069559603929519653e-01 -1.003449112176895142e-01 9.064473509788513184e-01 -2.633299231529235840e-01 -2.485887259244918823e-01 -2.431086301803588867e-01 -1.750878691673278809e-01 9.465807080268859863e-01 -1.959813237190246582e-01 3.936107456684112549e-01 -4.217853397130966187e-02 -5.947234854102134705e-02 9.834540486335754395e-01 -2.693464756011962891e-01 -1.382197886705398560e-01 1.242209553718566895e+00 -1.923192590475082397e-01 -2.433404028415679932e-01 -1.617788672447204590e-01 -2.729666829109191895e-01 -2.440689504146575928e-01 -2.660557031631469727e-01 9.104038476943969727e-01 9.492775797843933105e-01 -6.198114752769470215e-01 8.328617811203002930e-01 1.000738859176635742e+00 -2.020569145679473877e-01 -2.991004884243011475e-01 9.935036897659301758e-01 -2.940670549869537354e-01 -1.677122712135314941e-01 9.181073904037475586e-01 9.788965582847595215e-01 1.033873677253723145e+00 9.607779383659362793e-01 9.872070550918579102e-01 -2.379230111837387085e-01 -7.507299780845642090e-01 -2.623925209045410156e-01 -3.092762231826782227e-01 -2.722040414810180664e-01 -5.902889966964721680e-01 -2.990434169769287109e-01 -3.129293322563171387e-01 -2.293179631233215332e-01 -3.192775547504425049e-01 -3.668896257877349854e-01 -2.506523132324218750e-01 -3.170000314712524414e-01 -3.127607107162475586e-01 -2.531782388687133789e-01 -2.159541696310043335e-01 -1.945586055517196655e-01 -6.939556598663330078e-01 -2.953768968582153320e-01 -2.327829003334045410e-01 -2.689800560474395752e-01 -2.137148231267929077e-01 -6.612447500228881836e-01 -2.225792109966278076e-01 -1.365754753351211548e-01 -7.166147828102111816e-01 -2.405685633420944214e-01 -6.691867113113403320e-01 -1.399736404418945312e-01 -2.594020068645477295e-01 9.816197752952575684e-01 4.410673081874847412e-01 -1.945062279701232910e-01 -2.084011137485504150e-01
2.609856799244880676e-02 4.393005743622779846e-02 -2.202739864587783813e-01 -9.476897865533828735e-02 -3.433706983923912048e-02 -1.294301003217697144e-01 1.142143845558166504e+00 -1.922726184129714966e-01 -6.603111326694488525e-02 4.777654632925987244e-02 -3.646641969680786133e-02 -2.185145579278469086e-02 -2.207955569028854370e-01 -1.144557744264602661e-01 1.027108550071716309e+00 -1.923192590475082397e-01 1.634685635566711426e+00 -1.436221599578857422e-01 9.840943813323974609e-01 -1.112394705414772034e-01 -9.769162535667419434e-02 -8.940233290195465088e-02 -1.725757867097854614e-01 -1.414095759391784668e-01 -4.956192374229431152e-01 -1.743009984493255615e-01 -1.965401917695999146e-01 -5.030570551753044128e-02 -1.381574273109436035e-01 -1.829888969659805298e-01 -1.219028085470199585e-01 1.258948683738708496e+00 -1.164042651653289795e-01 -1.381345540285110474e-01 -2.148135602474212646e-01 -1.726843714714050293e-01 -1.109822317957878113e-01 -4.447430744767189026e-02 -4.726699888706207275e-01 -9.174589067697525024e-02 -1.516314595937728882e-01 -9.257176518440246582e-02 -5.434439182281494141e-01 -1.205774992704391479e-01 -1.082961484789848328e-01 -1.305392831563949585e-01 -1.366199404001235962e-01 -1.132189929485321045e-01 -1.090588197112083435e-01 -1.193898618221282959e-01 -1.437024772167205811e-01 -3.220762610435485840e-01 -1.070657074451446533e-01 1.295655965805053711e+00 -5.299815535545349121e-01 -1.533640921115875244e-01 -1.322605609893798828e-01 -9.420208632946014404e-02 -1.418292075395584106e-01 -4.736960530281066895e-01 -1.711202599108219147e-02 -2.882518246769905090e-02 -4.948499202728271484e-01 4.151309654116630554e-02 -4.513232707977294922e-01 -1.435762643814086914e-01 -7.307738065719604492e-02 -1.940585672855377197e-01 -7.397903129458427429e-03 1.425001144409179688e+00 1.426009297370910645e+00
-9.266705065965652466e-02 -9.242267906665802002e-02 -5.006968509405851364e-03 -1.837037652730941772e-01 -1.291813850402832031e-01 2.023123025894165039e+00 -1.240561157464981079e-01 -2.294513285160064697e-01 -1.748512983322143555e-01 1.258539035916328430e-02 4.059747233986854553e-02 1.411423236131668091e-01 -2.329712361097335815e-01 1.859279394149780273e+00 -1.082910969853401184e-01 -2.433404028415679932e-01 -1.436221599578857422e-01 2.323225021362304688e+00 -1.313251405954360962e-01 -2.155670523643493652e-01 -1.834397614002227783e-01 -1.862822622060775757e-01 -2.263775020837783813e-01 -1.423904597759246826e-01 -1.970383822917938232e-01 -1.992818266153335571e-01 -2.356601208448410034e-01 -1.787076443433761597e-01 -2.573249638080596924e-01 -2.488902509212493896e-01 1.875599026679992676e+00 -1.812514066696166992e-01 -1.853947788476943970e-01 -1.987484097480773926e-01 -2.277347296476364136e-01 -2.194235771894454956e-01 -2.412006407976150513e-01 -1.024410054087638855e-01 -1.400492712855339050e-02 -2.800267934799194336e-01 -1.864723563194274902e-01 -1.761310547590255737e-01 -8.116670697927474976e-02 -2.743103504180908203e-01 -2.695873677730560303e-01 -2.705739438533782959e-01 -2.611736059188842773e-01 -1.942915320396423340e-01 -2.670152187347412109e-01 -2.573963403701782227e-01 -2.904026508331298828e-01 2.804163992404937744e-01 -2.373845279216766357e-01 -1.202262192964553833e-01 -9.419035166501998901e-02 -2.750371098518371582e-01 -1.219359338283538818e-01 -2.487575858831405640e-01 -2.733220160007476807e-01 -1.729630827903747559e-01 1.229269281029701233e-01 -1.694590449333190918e-01 -4.719853028655052185e-02 -1.731193661689758301e-01 -1.245167776942253113e-01 1.689329385757446289e+00 1.669842839241027832e+00 -2.468605041503906250e-01 -1.223223954439163208e-01 -1.388014256954193115e-01 -9.093119204044342041e-02
8.266007900238037109e-02 1.336917430162429810e-01 -2.000745534896850586e-01 -6.504601985216140747e-02 4.693734273314476013e-02 -1.259005963802337646e-01 1.015383243560791016e+00 -1.557135134935379028e-01 -1.717278547585010529e-02 -5.000076442956924438e-02 1.999863982200622559e-02 3.333943337202072144e-02 -1.973100006580352783e-01 -9.849172830581665039e-02 9.518510103225708008e-01 -1.617788672447204590e-01 9.840943813323974609e-01 -1.313251405954360962e-01 1.219292640686035156e+00 -1.825813762843608856e-02 -7.359270006418228149e-02 -6.127379462122917175e-02 -1.359319835901260376e-01 -2.011441141366958618e-01 -4.486325681209564209e-01 -1.048657149076461792e-01 -1.634536683559417725e-01 9.267606772482395172e-03 -7.929459214210510254e-02 -1.662493050098419189e-01 -1.385355740785598755e-01 9.676340818405151367e-01 -1.984921395778656006e-01 -1.980957388877868652e-01 -1.670181602239608765e-01 -1.646205037832260132e-01 -1.767012625932693481e-01 1.806635409593582153e-02 -6.083487868309020996e-01 -8.305872976779937744e-02 -1.088633611798286438e-01 -8.678479492664337158e-02 -4.499472081661224365e-01 -9.458412975072860718e-02 -8.611340075731277466e-02 -5.674570053815841675e-02 -7.822518050670623779e-02 -6.732656806707382202e-02 -5.864112079143524170e-02 -3.541877865791320801e-02 -1.079122945666313171e-01 -2.260998189449310303e-01 -4.242005944252014160e-02 1.025696277618408203e+00 -5.894885063171386719e-01 -1.109280511736869812e-01 -1.147754415869712830e-01 -2.375967800617218018e-02 -7.273058593273162842e-02 -5.489469766616821289e-01 -5.692989379167556763e-02 -4.841221030801534653e-03 -5.440705418586730957e-01 7.896417379379272461e-02 -5.896399021148681641e-01 -9.118486940860748291e-02 -7.443836331367492676e-02 -1.606589853763580322e-01 8.009465411305427551e-03 9.138232469558715820e-01 9.658695459365844727e-01
1.231709793210029602e-01 1.643260866403579712e-01 -3.628634214401245117e-01 2.801613807678222656e-01 2.038039118051528931e-01 -2.358738034963607788e-01 -1.267107725143432617e-01 -2.768604457378387451e-01 3.327057659626007080e-01 -1.492091268301010132e-01 -2.252542786300182343e-02 -3.038318641483783722e-02 -3.123508989810943604e-01 -1.716217994689941406e-01 -1.337745934724807739e-01 -2.729666829109191895e-01 -1.112394705414772034e-01 -2.155670523643493652e-01 -1.825813762843608856e-02 8.165485858917236328e-01 3.592810034751892090e-01 3.542292118072509766e-01 -2.463735789060592651e-01 -3.362240791320800781e-01 -4.987952709197998047e-01 -2.291883975267410278e-01 -2.657387554645538330e-01 2.422061413526535034e-01 5.584570169448852539e-01 -2.965909838676452637e-01 -1.930624246597290039e-01 -8.596643060445785522e-02 -3.320927023887634277e-01 -3.314788937568664551e-01 -3.041738569736480713e-01 -2.691920697689056396e-01 -2.952577173709869385e-01 2.768864035606384277e-01 -6.328029632568359375e-01 1.751821190118789673e-01 5.949736833572387695e-01 4.661596715450286865e-01 -5.288289785385131836e-01 5.273079872131347656e-01 5.826002359390258789e-01 2.496027648448944092e-01 5.963419675827026367e-01 5.813698172569274902e-01 3.689626157283782959e-01 5.933008790016174316e-01 5.596660375595092773e-01 -3.130881786346435547e-01 1.925123333930969238e-01 -9.831409156322479248e-02 -6.273112297058105469e-01 4.842371046543121338e-01 4.241898357868194580e-01 5.011857151985168457e-01 2.235153168439865112e-01 -5.833516120910644531e-01 8.694697916507720947e-02 1.364690661430358887e-01 -6.576046943664550781e-01 3.707129657268524170e-01 -6.471140384674072266e-01 -1.573556810617446899e-01 -1.428919136524200439e-01 -2.680370509624481201e-01 -1.480093449354171753e-01 -1.321250498294830322e-01 -1.410514563322067261e-01
1.070107594132423401e-01 1.896265596151351929e-01 -3.607077598571777344e-01 5.014342665672302246e-01 2.690082192420959473e-01 -2.470319867134094238e-01 -9.983463585376739502e-02 -2.549089789390563965e-01 3.471094071865081787e-01 -1.583367735147476196e-01 -3.101721219718456268e-02 -2.232358232140541077e-02 -2.142503410577774048e-01 -2.488141059875488281e-01 -4.669094085693359375e-02 -2.440689504146575928e-01 -9.769162535667419434e-02 -1.834397614002227783e-01 -7.359270006418228149e-02 3.592810034751892090e-01 7.495754957199096680e-01 4.863290488719940186e-01 -2.176115363836288452e-01 -2.142679095268249512e-01 -6.145724654197692871e-01 -1.941094249486923218e-01 -2.321469485759735107e-01 2.584505975246429443e-01 4.013440608978271484e-01 -2.590032815933227539e-01 -2.666484117507934570e-01 -1.000834181904792786e-01 -1.853204071521759033e-01 -2.219049036502838135e-01 -2.475551366806030273e-01 -2.456371188163757324e-01 -2.900514900684356689e-01 3.340863287448883057e-01 -7.080104947090148926e-01 4.355354905128479004e-01 3.982089459896087646e-01 3.512526452541351318e-01 -5.940349102020263672e-01 3.696924746036529541e-01 3.828009068965911865e-01 4.897803962230682373e-01 4.196795523166656494e-01 4.213518202304840088e-01 4.026396870613098145e-01 3.868138194084167480e-01 4.249386787414550781e-01 -3.614647984504699707e-01 4.402279555797576904e-01 -1.249337494373321533e-01 -6.805943250656127930e-01 3.511509299278259277e-01 4.148087501525878906e-01 3.225030601024627686e-01 5.093314051628112793e-01 -6.833241581916809082e-01 1.157274916768074036e-01 2.072631865739822388e-01 -7.342691421508789062e-01 3.075354993343353271e-01 -6.831493973731994629e-01 -1.869060844182968140e-01 -2.016136050224304199e-01 -2.677721083164215088e-01 -1.430807709693908691e-01 -9.924765676259994507e-02 -6.168104708194732666e-02
